Time resolution is 1 ps

[               85000] Matrix A is:

  36  129    9 
  99   13  141 
 101   18    1 

[               85000] Matrix B is:

  13  118   61 
 237  140  249 
 198  197  170 


[              120000] The result of C = A x B is:

  32823   24081   35847 
  32286   41279   33246 
   5777   14635   10813 

[              125000] Matrix A is:

 229  119   18 
 143  242  206 
 232  197   92 

[              125000] Matrix B is:

 189   45  101 
  99   10  128 
  32  170  157 


[              160000] The result of C = A x B is:

  55638   14555   41187 
  57577   43875   77761 
  66295   28050   63092 

[              165000] Matrix A is:

 150   19   13 
  83  107  213 
   2  174   29 

[              165000] Matrix B is:

 207   35   10 
 202   60  242 
 138   65  216 


[              200000] The result of C = A x B is:

  36682    7235    8906 
  68189   23170   72732 
  39564   12395   48392 

[              205000] Matrix A is:

 120  137  235 
 182  198  174 
 188   42   11 

[              205000] Matrix B is:

 113  133   79 
  59   58  126 
  21  241  217 


[              240000] The result of C = A x B is:

  26578   80541   77737 
  35902   77624   77084 
  23953   30091   22531 

[              245000] Matrix A is:

  98   76  159 
 143  248  183 
 159   92   91 

[              245000] Matrix B is:

 137   73  208 
 215   81  150 
  12  194  200 


[              280000] The result of C = A x B is:

  31674   44156   63584 
  75107   66029  103544 
  42655   36713   65072 
All test cases passed!
Average cycle =           3
$finish called at time : 290 ns : File "C:/Users/ryanh/fpga/labs/lab2/lab2.srcs/sim_1/new/mmult_tb.v" Line 185
